0
0
0
66000000
60231000
54899000
49971000
45417000
41209000
37322000
33733000
30418000
27359000
24535000
21929000
19526000
17310000
15268000
13386000
11652000
10056000
8588000
7237000
5995000
4855000
3807000
2846000
1966000
1159000
420000
-255000
-871000
-1433000
-1945000
-2411000
-2834000
-3217000
-3564000
-3877000
-4158000
-4411000
-4637000
-4838000
-5017000
-5175000
-5313000
-5433000
-5537000
-5626000
-5701000
-5763000
-5813000
-5853000
-5882000
-5902000
-5914000
-5918000
-5915000
-5905000
-5889000
-5868000
-5842000
-5812000
-5777000
-5739000
-5697000
-5652000
-5604000
-5554000
-5502000
-5447000
-5391000
-5333000
-5274000
-5213000
-5152000
-5089000
-5026000
-4962000
-4897000
-4832000
-4767000
-4701000
-4635000
-4569000
-4503000
-4437000
-4371000
-4305000
-4240000
-4174000
-4109000
-4045000
-3980000
-3916000
-3853000
-3789000
-3727000
-3664000
-3603000
-3541000
-3481000
-3421000
-3361000
-3302000
-3244000
-3186000
-3128000
-3072000
-3016000
-2960000
-2906000
-2852000
-2798000
-2745000
-2693000
-2641000
-2590000
-2540000
-2490000
-2441000
-2392000
-2345000
-2297000
-2251000
-2205000
-2159000
-2115000
-2070000
-2027000
-1984000
-1941000
-1900000
-1858000
-1818000
-1778000
-1738000
-1699000
-1661000
-1623000
-1586000
-1549000
-1513000
-1477000
-1442000
-1408000
-1374000
-1340000
-1307000
-1275000
-1243000
-1211000
-1180000
-1150000
-1120000
-1090000
-1061000
-1032000
-1004000
-977000
-949000
-922000
-896000
-870000
-845000
-820000
-795000
-771000
-747000
-723000
-700000
-678000
-655000
-633000
-612000
-591000
-570000
-550000
-529000
-510000
-490000
-471000
-453000
-434000
-416000
-399000
-381000
-364000
-348000
-331000
-315000
-300000
-284000
-269000
-254000
-239000
-225000
-211000
-197000
-184000
-170000
-157000
-145000
-132000
-120000
-108000
-96000
-85000
-74000
-63000
-52000
-41000
-31000
-21000
-11000
-1000
8000
17000
27000
35000
44000
53000
61000
69000
77000
85000
92000
99000
107000
114000
121000
127000
134000
140000
146000
152000
158000
164000
170000
175000
180000
186000
191000
196000
200000
205000
210000
214000
218000
222000
226000
230000
234000
238000
241000
245000
248000
252000
255000
258000
261000
264000
266000
269000
272000
274000
277000
279000
281000
283000
285000
287000
289000
291000
293000
295000
296000
298000
299000
301000
302000
303000
304000
306000
307000
308000
309000
310000
310000
311000
312000
313000
313000
314000
315000
315000
316000
316000
316000
317000
317000
317000
317000
318000
318000
318000
318000
318000
318000
318000
318000
318000
317000
317000
317000
317000
317000
316000
316000
316000
315000
315000
315000
314000
314000
313000
313000
312000
312000
311000
311000
310000
309000
309000
308000
307000
307000
306000
305000
305000
304000
303000
302000
302000
301000
300000
299000
299000
298000
297000
296000
295000
294000
294000
293000
292000
291000
290000
289000
288000
287000
287000
286000
285000
284000
283000
282000
281000
280000
279000
278000
278000
277000
276000
275000
274000
273000
272000
271000
270000
269000
268000
267000
267000
266000
265000
264000
263000
262000
261000
260000
259000
258000
257000
257000
256000
255000
254000
253000
252000
251000
250000
250000
249000
248000
247000
246000
245000
244000
244000
243000
242000
241000
240000
239000
239000
238000
237000
236000
235000
235000
234000
233000
232000
232000
231000
230000
229000
229000
228000
227000
226000
226000
225000
224000
224000
223000
222000
221000
221000
220000
219000
219000
218000
217000
217000
216000
216000
215000
214000
214000
213000
212000
212000
211000
211000
210000
209000
209000
208000
208000
207000
207000
206000
206000
205000
205000
204000
203000
203000
202000
202000
201000
201000
200000
200000
200000
199000
199000
198000
198000
197000
197000
196000
196000
195000
195000
195000
194000
194000
193000
193000
193000
192000
192000
191000
191000
191000
190000
190000
190000
189000
189000
189000
188000
188000
188000
187000
187000
187000
186000
186000
186000
185000
185000
185000
184000
184000
184000
184000
183000
183000
183000
183000
182000
182000
182000
181000
181000
181000
181000
181000
180000
180000
180000
180000
179000
179000
179000
179000
179000
178000
178000
178000
178000
178000
177000
177000
177000
177000
177000
176000
176000
176000
176000
176000
176000
175000
175000
175000
175000
175000
175000
175000
174000
174000
174000
174000
174000
174000
174000
173000
173000
173000
173000
173000
173000
173000
173000
173000
172000
172000
172000
172000
172000
172000
172000
172000
172000
172000
171000
171000
171000
171000
171000
171000
171000
171000
171000
171000
171000
171000
171000
170000
170000
170000
170000
170000
170000
170000
170000
170000
170000
170000
170000
170000
170000
170000
170000
170000
169000
169000
169000
169000
169000
169000
169000
169000
169000
169000
169000
169000
169000
169000
169000
169000
169000
169000
169000
169000
169000
169000
169000
169000
169000
169000
169000
169000
169000
169000
168000
168000
168000
168000
168000
168000
168000
168000
168000
168000
168000
168000
168000
168000
168000
168000
168000
168000
168000
168000
168000
168000
168000
168000
168000
168000
168000
168000
168000
168000
168000
168000
168000
168000
168000
168000
168000
168000
168000
168000
168000
168000
168000
168000
168000
168000
168000
168000
168000
168000
168000
168000
168000
168000
168000
168000
168000
168000
168000
168000
168000
168000
168000
168000
168000
168000
168000
168000
168000
168000
168000
168000
168000
168000
168000
168000
168000
168000
168000
168000
168000
168000
168000
168000
168000
168000
168000
168000
168000
168000
168000
168000
168000
168000
168000
168000
168000
168000
168000
168000
168000
168000
168000
168000
168000
168000
168000
168000
168000
168000
168000
168000
168000
168000
168000
168000
168000
168000
168000
168000
168000
168000
168000
168000
168000
168000
168000
168000
168000
168000
168000
168000
168000
168000
168000
168000
168000
168000
168000
168000
168000
168000
168000
168000
168000
168000
168000
168000
168000
168000
168000
168000
168000
168000
168000
168000
168000
168000
168000
168000
169000
169000
169000
169000
169000
169000
169000
169000
169000
169000
169000
169000
169000
169000
169000
169000
169000
169000
169000
169000
169000
169000
169000
169000
169000
169000
169000
169000
169000
169000
169000
169000
169000
169000
169000
169000
169000
169000
169000
169000
169000
169000
169000
169000
169000
169000
169000
169000
169000
169000
169000
169000
169000
169000
169000
169000
169000
169000
169000
169000
169000
169000
169000
169000
169000
169000
169000
169000
169000
169000
169000
169000
169000
169000
169000
169000
169000
169000
169000
169000
169000
169000
169000
169000
169000
169000
169000
169000
169000
169000
169000
169000
169000
169000
169000
169000
169000
169000
169000
169000
169000
169000
169000
169000
169000
169000
169000
169000
169000
169000
169000
169000
169000
169000
169000
169000
169000
169000
169000
169000
169000
169000
169000
169000
169000
169000
169000
169000
169000
169000
169000
169000
169000
169000
169000
169000
169000
169000
169000
169000
169000
169000
169000
169000
169000
169000
169000
169000
169000
169000
169000
169000
169000
169000
169000
169000
169000
169000
169000
169000
169000
169000
169000
169000
169000
169000
169000
169000
169000
169000
169000
169000
169000
169000
169000
169000
169000
169000
169000
169000
169000
169000
169000
169000
169000
169000
169000
169000
169000
169000
169000
169000
169000
169000
169000
169000
169000
169000
169000
169000
169000
169000
169000
169000
169000
169000
169000
169000
169000
169000
169000
169000
169000
169000
169000
169000
169000
169000
169000
169000
169000
169000
169000
169000
169000
169000
169000
169000
169000
169000
169000
169000
169000
169000
169000
169000
169000
169000
169000
169000
169000
169000
169000
169000
169000
169000
169000
169000
169000
169000
169000
169000
169000
169000
169000
169000
169000
169000
169000
169000
169000
169000
169000
169000
169000
169000
169000
169000
169000
169000
169000
169000
169000
169000
169000
169000
169000
169000
169000
169000
169000
169000
169000
169000
169000
169000
169000
169000
169000
169000
169000
169000
169000
169000
169000
169000
169000
169000
169000
169000
169000
169000
169000
169000
169000
169000
169000
169000
169000
169000
169000
169000
169000
169000
169000
169000
169000
169000
169000
169000
169000
169000
169000
169000
169000
169000
169000
169000
169000
169000
169000
169000
169000
169000
169000
169000
169000
169000
169000
169000
169000
169000
169000
169000
169000
169000
169000
169000
169000
169000
169000
169000
169000
169000
169000
169000
169000
169000
169000
169000
169000
169000
169000
169000
169000
169000
169000
169000
169000
169000
169000
169000
169000
169000
169000
169000
169000
169000
169000
169000
169000
169000
169000
169000
169000
169000
169000
169000
169000
169000
169000
169000
169000
169000
169000
169000
169000
169000
169000
169000
169000
169000
169000
169000
169000
169000
169000
169000
169000
169000
169000
169000
169000
169000
169000
169000
169000
169000
169000
169000
169000
169000
169000
169000
169000
169000
169000
169000
169000
169000
169000
169000
169000
169000
169000
169000
169000
169000
169000
169000
169000
169000
169000
169000
169000
169000
169000
169000
169000
169000
169000
169000
169000
169000
169000
169000
169000
169000
169000
169000
169000
169000
169000
169000
169000
169000
169000
169000
169000
169000
169000
169000
169000
169000
169000
169000
169000
169000
169000
169000
169000
169000
169000
169000
169000
169000
169000
169000
169000
169000
169000
169000
169000
169000
169000
169000
169000
169000
169000
169000
169000
169000
169000
169000
169000
169000
169000
169000
169000
169000
169000
169000
169000
169000
169000
169000
169000
169000
169000
169000
169000
169000
169000
169000
169000
169000
169000
169000
169000
169000
169000
169000
169000
169000
169000
169000
169000
169000
169000
169000
169000
169000
169000
169000
169000
169000
169000
169000
169000
169000
169000
169000
169000
169000
169000
169000
169000
169000
169000
169000
169000
169000
169000
169000
169000
169000
169000
169000
169000
169000
169000
169000
169000
169000
169000
169000
169000
169000
169000
169000
169000
169000
169000
169000
169000
169000
169000
169000
169000
169000
169000
169000
169000
169000
169000
169000
169000
169000
169000
169000
169000
169000
169000
169000
169000
169000
169000
169000
169000
169000
169000
169000
169000
169000
169000
169000
169000
169000
169000
169000
169000
169000
169000
169000
169000
169000
169000
169000
169000
169000
169000
169000
169000
169000
169000
169000
169000
169000
169000
169000
169000
169000
169000
169000
169000
169000
169000
169000
169000
169000
169000
169000
169000
169000
169000
169000
169000
169000
169000
169000
169000
169000
169000
169000
169000
169000
169000
169000
169000
169000
169000
169000
169000
169000
169000
169000
169000
169000
169000
169000
169000
169000
169000
169000
169000
169000
169000
169000
169000
169000
169000
169000
169000
169000
169000
169000
169000
169000
169000
169000
169000
169000
169000
169000
169000
169000
169000
169000
169000
169000
169000
169000
169000
169000
169000
169000
169000
169000
169000
169000
169000
169000
169000
169000
169000
169000
169000
169000
170000
170000
170000
170000
170000
170000
170000
170000
170000
170000
170000
170000
170000
170000
170000
170000
170000
170000
170000
170000
170000
170000
170000
170000
170000
170000
170000
170000
170000
170000
170000
170000
170000
170000
170000
170000
170000
170000
170000
170000
170000
170000
170000
170000
170000
170000
170000
170000
170000
170000
170000
170000
170000
170000
170000
170000
170000
170000
170000
170000
170000
170000
170000
170000
170000
170000
170000
170000
170000
170000
170000
170000
170000
170000
170000
170000
170000
170000
170000
170000
170000
170000
170000
170000
170000
170000
170000
170000
170000
170000
170000
170000
170000
170000
170000
170000
170000
170000
170000
170000
170000
170000
170000
170000
170000
170000
170000
170000
170000
170000
170000
170000
170000
170000
170000
170000
170000
170000
170000
170000
170000
170000
170000
170000
170000
170000
170000
170000
170000
170000
170000
170000
170000
170000
170000
170000
170000
170000
170000
170000
170000
170000
170000
170000
170000
170000
170000
170000
170000
170000
170000
170000
170000
170000
170000
170000
170000
170000
170000
170000
170000
170000
170000
170000
170000
170000
170000
170000
170000
170000
170000
170000
170000
170000
170000
170000
170000
170000
170000
170000
170000
170000
170000
170000
170000
170000
170000
170000
170000
170000
170000
170000
170000
170000
170000
170000
170000
170000
170000
170000
170000
170000
170000
170000
170000
170000
170000
170000
170000
170000
170000
170000
170000
170000
170000
170000
170000
170000
170000
170000
170000
170000
170000
170000
170000
170000
170000
170000
170000
170000
170000
170000
170000
170000
170000
170000
170000
170000
170000
170000
170000
170000
170000
170000
170000
170000
170000
170000
170000
170000
170000
170000
170000
170000
170000
170000
170000
170000
170000
170000
170000
170000
170000
170000
170000
170000
170000
170000
170000
170000
170000
170000
170000
170000
170000
170000
170000
170000
170000
170000
170000
170000
170000
170000
170000
170000
170000
170000
170000
170000
170000
170000
170000
170000
170000
170000
170000
170000
170000
170000
170000
170000
170000
170000
170000
170000
170000
170000
170000
170000
170000
170000
170000
170000
170000
170000
170000
170000
170000
170000
170000
170000
170000
170000
170000
170000
170000
170000
170000
170000
170000
170000
170000
170000
170000
170000
170000
170000
170000
170000
170000
170000
170000
170000
170000
170000
170000
170000
170000
170000
170000
170000
170000
170000
170000
170000
170000
170000
170000
170000
170000
170000
170000
170000
170000
170000
170000
170000
170000
170000
170000
170000
170000
170000
170000
170000
170000
170000
170000
170000
170000
170000
170000
170000
170000
170000
170000
170000
170000
170000
170000
170000
170000
170000
170000
170000
170000
170000
170000
170000
170000
170000
170000
170000
170000
170000
170000
170000
170000
170000
170000
170000
170000
170000
170000
170000
170000
170000
170000
170000
170000
170000
170000
170000
170000
170000
170000
170000
170000
170000
170000
170000
170000
170000
170000
170000
170000
170000
170000
170000
170000
170000
170000
170000
170000
170000
170000
170000
170000
170000
170000
170000
170000
170000
170000
170000
170000
170000
170000
170000
170000
170000
170000
170000
170000
170000
170000
170000
170000
170000
170000
170000
170000
170000
170000
170000
170000
170000
170000
170000
170000
170000
170000
170000
170000
170000
170000
170000
170000
170000
170000
170000
170000
170000
170000
170000
170000
170000
170000
170000
170000
170000
170000
170000
170000
170000
170000
170000
170000
170000
170000
170000
170000
170000
170000
170000
170000
170000
170000
170000
170000
170000
170000
170000
170000
170000
170000
170000
170000
170000
170000
170000
170000
170000
170000
170000
170000
170000
170000
170000
170000
170000
170000
170000
170000
170000
170000
170000
170000
170000
170000
170000
170000
170000
170000
170000
170000
170000
170000
170000
170000
170000
170000
170000
170000
170000
170000
170000
170000
170000
170000
170000
170000
170000
170000
170000
170000
170000
170000
170000
170000
170000
170000
170000
170000
170000
170000
170000
170000
170000
170000
170000
170000
170000
170000
170000
170000
170000
170000
170000
170000
170000
170000
170000
170000
170000
170000
170000
170000
170000
170000
170000
170000
170000
170000
170000
170000
170000
170000
170000
170000
170000
170000
170000
170000
170000
170000
170000
170000
170000
170000
170000
170000
170000
170000
170000
170000
170000
170000
170000
170000
170000
170000
170000
170000
170000
170000
170000
170000
170000
170000
170000
170000
170000
170000
170000
170000
170000
170000
170000
170000
170000
170000
170000
170000
170000
170000
170000
170000
170000
170000
170000
170000
170000
170000
170000
170000
170000
170000
170000
170000
170000
170000
170000
170000
170000
170000
170000
170000
170000
170000
170000
170000
170000
170000
170000
170000
170000
170000
170000
170000
170000
170000
170000
170000
170000
170000
170000
170000
170000
170000
170000
170000
170000
170000
170000
170000
170000
170000
170000
170000
170000
170000
170000
170000
170000
170000
170000
170000
170000
170000
170000
170000
170000
170000
170000
170000
170000
170000
170000
170000
170000
170000
170000
170000
170000
170000
170000
170000
170000
170000
170000
170000
170000
170000
170000
170000
170000
170000
170000
170000
170000
170000
170000
170000
170000
170000
170000
170000
170000
170000
170000
170000
170000
170000
170000
170000
170000
170000
170000
170000
170000
170000
170000
170000
170000
170000
170000
170000
170000
170000
170000
170000
170000
170000
170000
170000
170000
170000
170000
170000
170000
170000
170000
170000
170000
170000
170000
170000
170000
170000
170000
170000
170000
170000
170000
170000
170000
170000
170000
170000
170000
170000
170000
170000
170000
170000
170000
170000
170000
170000
170000
170000
170000
170000
170000
170000
170000
170000
170000
170000
170000
170000
170000
170000
170000
170000
170000
170000
170000
170000
170000
170000
170000
170000
170000
170000
170000
170000
170000
170000
170000
170000
170000
170000
170000
170000
170000
170000
170000
170000
170000
170000
170000
170000
170000
170000
170000
170000
170000
170000
170000
170000
170000
170000
170000
170000
170000
170000
170000
170000
170000
170000
170000
170000
170000
170000
170000
170000
170000
170000
170000
170000
170000
170000
170000
170000
170000
170000
170000
170000
170000
170000
170000
170000
170000
170000
170000
170000
170000
170000
170000
170000
170000
170000
170000
170000
170000
170000
170000
170000
170000
170000
170000
170000
170000
170000
170000
170000
170000
170000
170000
170000
170000
170000
170000
170000
170000
170000
170000
170000
170000
170000
170000
170000
170000
170000
170000
170000
170000
170000
170000
170000
170000
170000
170000
170000
170000
170000
170000
170000
170000
170000
170000
170000
170000
170000
170000
170000
170000
170000
170000
170000
170000
170000
170000
170000
170000
170000
170000
170000
170000
170000
170000
170000
170000
170000
170000
170000
170000
170000
170000
170000
170000
170000
170000
170000
170000
170000
170000
170000
170000
170000
170000
170000
170000
170000
170000
170000
170000
170000
170000
170000
170000
170000
170000
170000
170000
170000
170000
170000
170000
170000
170000
170000
170000
170000
170000
170000
170000
170000
170000
170000
170000
170000
170000
170000
170000
170000
170000
170000
170000
170000
170000
170000
170000
170000
170000
170000
170000
170000
170000
170000
170000
170000
170000
170000
170000
170000
170000
170000
170000
170000
170000
170000
170000
170000
170000
170000
170000
170000
170000
170000
170000
170000
170000
170000
170000
170000
170000
170000
170000
170000
170000
170000
170000
170000
170000
170000
170000
170000
170000
170000
170000
170000
170000
170000
170000
170000
170000
170000
170000
170000
170000
170000
170000
170000
170000
170000
170000
170000
170000
170000
170000
170000
170000
170000
170000
170000
170000
170000
170000
170000
170000
170000
170000
170000
170000
170000
170000
170000
170000
170000
170000
170000
170000
170000
170000
170000
170000
170000
170000
170000
170000
170000
170000
170000
170000
170000
170000
170000
170000
170000
170000
170000
170000
170000
170000
170000
170000
170000
170000
170000
170000
170000
170000
170000
170000
170000
170000
170000
170000
170000
170000
170000
170000
170000
170000
170000
170000
170000
170000
170000
170000
170000
170000
170000
170000
170000
170000
170000
170000
170000
170000
170000
170000
170000
170000
170000
170000
170000
170000
170000
170000
170000
170000
170000
170000
170000
170000
170000
170000
170000
170000
170000
170000
170000
170000
170000
170000
170000
170000
170000
170000
170000
170000
170000
170000
170000
170000
170000
170000
170000
170000
170000
170000
170000
170000
170000
170000
170000
170000
170000
170000
170000
170000
170000
170000
170000
170000
170000
170000
170000
170000
170000
170000
170000
170000
170000
170000
170000
170000
170000
170000
170000
170000
170000
170000
170000
170000
170000
170000
170000
170000
170000
170000
170000
170000
170000
170000
170000
170000
170000
170000
170000
170000
170000
170000
170000
170000
170000
170000
170000
170000
170000
170000
170000
170000
170000
170000
170000
170000
170000
170000
170000
170000
170000
170000
170000
170000
170000
170000
170000
170000
170000
170000
170000
170000
170000
170000
170000
170000
170000
170000
170000
170000
170000
170000
170000
170000
170000
170000
170000
170000
170000
170000
170000
170000
170000
170000
170000
170000
170000
170000
170000
170000
170000
170000
170000
170000
170000
170000
170000
170000
170000
170000
170000
170000
170000
170000
170000
170000
170000
170000
170000
170000
170000
170000
170000
170000
170000
170000
170000
170000
170000
170000
170000
170000
170000
170000
170000
170000
170000
170000
170000
170000
170000
170000
170000
170000
170000
170000
170000
170000
170000
170000
170000
170000
170000
170000
170000
170000
170000
170000
170000
170000
170000
170000
170000
170000
170000
170000
170000
170000
170000
170000
170000
170000
170000
170000
170000
170000
170000
170000
170000
170000
170000
170000
170000
170000
170000
170000
170000
170000
170000
170000
170000
170000
170000
170000
170000
170000
170000
170000
170000
170000
170000
170000
170000
170000
170000
170000
170000
170000
170000
170000