0
0
0
6000000
5952000
5851000
5751000
5653000
5555000
5458000
5362000
5268000
5174000
5082000
4990000
4900000
4810000
4721000
4634000
4547000
4462000
4377000
4294000
4211000
4130000
4049000
3969000
3890000
3813000
3736000
3660000
3585000
3511000
3438000
3365000
3294000
3223000
3154000
3085000
3017000
2950000
2884000
2819000
2755000
2691000
2628000
2567000
2506000
2445000
2386000
2327000
2270000
2213000
2156000
2101000
2046000
1992000
1939000
1887000
1835000
1784000
1734000
1685000
1636000
1588000
1541000
1495000
1449000
1404000
1359000
1315000
1272000
1230000
1188000
1147000
1106000
1067000
1027000
989000
951000
914000
877000
841000
805000
770000
736000
702000
669000
637000
604000
573000
542000
512000
482000
453000
424000
396000
368000
341000
314000
288000
262000
237000
212000
188000
164000
141000
118000
96000
74000
52000
31000
10000
-10000
-29000
-49000
-68000
-86000
-104000
-122000
-139000
-156000
-173000
-189000
-205000
-220000
-235000
-250000
-264000
-278000
-292000
-305000
-318000
-331000
-343000
-355000
-367000
-378000
-389000
-400000
-410000
-420000
-430000
-439000
-449000
-458000
-466000
-475000
-483000
-491000
-498000
-506000
-513000
-520000
-526000
-533000
-539000
-545000
-550000
-556000
-561000
-566000
-570000
-575000
-579000
-583000
-587000
-591000
-595000
-598000
-601000
-604000
-607000
-609000
-612000
-614000
-616000
-618000
-620000
-621000
-623000
-624000
-625000
-626000
-627000
-627000
-628000
-628000
-629000
-629000
-629000
-628000
-628000
-628000
-627000
-627000
-626000
-625000
-624000
-623000
-622000
-620000
-619000
-617000
-616000
-614000
-612000
-610000
-608000
-606000
-604000
-602000
-599000
-597000
-594000
-592000
-589000
-587000
-584000
-581000
-578000
-575000
-572000
-569000
-566000
-562000
-559000
-556000
-552000
-549000
-546000
-542000
-538000
-535000
-531000
-527000
-524000
-520000
-516000
-512000
-508000
-504000
-500000
-496000
-492000
-488000
-484000
-480000
-476000
-472000
-467000
-463000
-459000
-455000
-450000
-446000
-442000
-437000
-433000
-429000
-424000
-420000
-416000
-411000
-407000
-402000
-398000
-394000
-389000
-385000
-380000
-376000
-371000
-367000
-362000
-358000
-354000
-349000
-345000
-340000
-336000
-331000
-327000
-322000
-318000
-314000
-309000
-305000
-300000
-296000
-292000
-287000
-283000
-279000
-274000
-270000
-266000
-261000
-257000
-253000
-249000
-244000
-240000
-236000
-232000
-227000
-223000
-219000
-215000
-211000
-207000
-203000
-199000
-195000
-191000
-187000
-183000
-179000
-175000
-171000
-167000
-163000
-159000
-155000
-152000
-148000
-144000
-140000
-136000
-133000
-129000
-125000
-122000
-118000
-115000
-111000
-107000
-104000
-100000
-97000
-93000
-90000
-87000
-83000
-80000
-77000
-73000
-70000
-67000
-63000
-60000
-57000
-54000
-51000
-48000
-45000
-41000
-38000
-35000
-32000
-29000
-27000
-24000
-21000
-18000
-15000
-12000
-9000
-7000
-4000
-1000
2000
4000
7000
10000
12000
15000
17000
20000
22000
25000
27000
30000
32000
34000
37000
39000
41000
44000
46000
48000
51000
53000
55000
57000
59000
61000
63000
65000
67000
70000
72000
73000
75000
77000
79000
81000
83000
85000
87000
89000
90000
92000
94000
96000
97000
99000
101000
102000
104000
105000
107000
109000
110000
112000
113000
115000
116000
118000
119000
120000
122000
123000
125000
126000
127000
129000
130000
131000
132000
134000
135000
136000
137000
138000
140000
141000
142000
143000
144000
145000
146000
147000
148000
149000
150000
151000
152000
153000
154000
155000
156000
157000
158000
158000
159000
160000
161000
162000
163000
163000
164000
165000
166000
166000
167000
168000
168000
169000
170000
170000
171000
172000
172000
173000
174000
174000
175000
175000
176000
176000
177000
178000
178000
179000
179000
180000
180000
180000
181000
181000
182000
182000
183000
183000
183000
184000
184000
185000
185000
185000
186000
186000
186000
187000
187000
187000
188000
188000
188000
189000
189000
189000
189000
190000
190000
190000
190000
191000
191000
191000
191000
191000
192000
192000
192000
192000
192000
192000
193000
193000
193000
193000
193000
193000
193000
194000
194000
194000
194000
194000
194000
194000
194000
194000
194000
195000
195000
195000
195000
195000
195000
195000
195000
195000
195000
195000
195000
195000
195000
195000
195000
195000
195000
195000
195000
195000
195000
195000
195000
195000
195000
195000
195000
195000
195000
195000
195000
195000
195000
195000
195000
195000
195000
195000
195000
195000
195000
195000
195000
195000
195000
194000
194000
194000
194000
194000
194000
194000
194000
194000
194000
194000
194000
194000
194000
194000
193000
193000
193000
193000
193000
193000
193000
193000
193000
193000
193000
193000
192000
192000
192000
192000
192000
192000
192000
192000
192000
192000
192000
191000
191000
191000
191000
191000
191000
191000
191000
191000
191000
190000
190000
190000
190000
190000
190000
190000
190000
190000
190000
189000
189000
189000
189000
189000
189000
189000
189000
189000
189000
188000
188000
188000
188000
188000
188000
188000
188000
188000
188000
187000
187000
187000
187000
187000
187000
187000
187000
187000
187000
186000
186000
186000
186000
186000
186000
186000
186000
186000
186000
185000
185000
185000
185000
185000
185000
185000
185000
185000
185000
185000
184000
184000
184000
184000
184000
184000
184000
184000
184000
184000
184000
184000
183000
183000
183000
183000
183000
183000
183000
183000
183000
183000
183000
183000
182000
182000
182000
182000
182000
182000
182000
182000
182000
182000
182000
182000
182000
182000
181000
181000
181000
181000
181000
181000
181000
181000
181000
181000
181000
181000
181000
181000
181000
180000
180000
180000
180000
180000
180000
180000
180000
180000
180000
180000
180000
180000
180000
180000
180000
180000
180000
179000
179000
179000
179000
179000
179000
179000
179000
179000
179000
179000
179000
179000
179000
179000
179000
179000
179000
179000
179000
179000
178000
178000
178000
178000
178000
178000
178000
178000
178000
178000
178000
178000
178000
178000
178000
178000
178000
178000
178000
178000
178000
178000
178000
178000
178000
178000
178000
177000
177000
177000
177000
177000
177000
177000
177000
177000
177000
177000
177000
177000
177000
177000
177000
177000
177000
177000
177000
177000
177000
177000
177000
177000
177000
177000
177000
177000
177000
177000
177000
177000
177000
177000
177000
177000
177000
177000
176000
176000
176000
176000
176000
176000
176000
176000
176000
176000
176000
176000
176000
176000
176000
176000
176000
176000
176000
176000
176000
176000
176000
176000
176000
176000
176000
176000
176000
176000
176000
176000
176000
176000
176000
176000
176000
176000
176000
176000
176000
176000
176000
176000
176000
176000
176000
176000
176000
176000
176000
176000
176000
176000
176000
176000
176000
176000
176000
176000
176000
176000
176000
176000
176000
176000
176000
176000
176000
176000
176000
176000
176000
176000
176000
176000
176000
176000
176000
176000
176000
176000
176000
176000
176000
176000
176000
176000
176000
176000
175000
175000
175000
175000
175000
175000
175000
175000
175000
175000
175000
175000
175000
175000
175000
175000
175000
175000
175000
175000
175000
175000
175000
175000
175000
175000
175000
175000
175000
175000
175000
175000
175000
175000
175000
175000
175000
175000
175000
175000
175000
175000
175000
175000
175000
175000
175000
175000
175000
175000
175000
175000
175000
175000
175000
175000
175000
175000
175000
175000
175000
175000
175000
175000
175000
175000
175000
175000
175000
175000
175000
175000
175000
175000
175000
175000
175000
175000
175000
175000
175000
175000
175000
175000
175000
175000
175000
175000
175000
175000
175000
175000
175000
175000
175000
175000
175000
175000
175000
175000
175000
175000
175000
175000
175000
175000
175000
175000
175000
175000
175000
175000
175000
175000
175000
175000
175000
175000
175000
175000
175000
175000
175000
175000
175000
175000
175000
175000
175000
175000
175000
175000
175000
175000
175000
175000
175000
175000
175000
175000
175000
175000
175000
175000
175000
175000
175000
175000
175000
175000
175000
175000
175000
175000
175000
175000
175000
175000
175000
175000
175000
175000
175000
175000
175000
175000
175000
175000
175000
175000
175000
175000
175000
175000
175000
175000
175000
175000
175000
175000
175000
175000
175000
175000
175000
175000
175000
175000
175000
175000
175000
175000
175000
175000
175000
175000
175000
175000
175000
175000
175000
175000
175000
175000
175000
175000
175000
175000
175000
175000
175000
175000
175000
175000
175000
175000
175000
175000
175000
175000
175000
175000
175000
175000
175000
175000
175000
175000
175000
175000
175000
175000
175000
175000
175000
175000
175000
175000
175000
175000
175000
175000
175000
175000
175000
175000
175000
175000
175000
175000
175000
175000
175000
175000
175000
175000
175000
175000
175000
175000
175000
175000
175000
175000
175000
175000
175000
175000
175000
175000
175000
175000
175000
175000
175000
175000
175000
175000
175000
175000
175000
175000
175000
175000
175000
175000
175000
175000
175000
175000
175000
175000
175000
175000
175000
175000
175000
175000
175000
175000
175000
175000
175000
175000
175000
175000
175000
175000
175000
175000
175000
175000
175000
175000
175000
175000
175000
175000
175000
175000
175000
175000
175000
175000
175000
175000
175000
175000
175000
175000
175000
175000
175000
175000
175000
175000
175000
175000
175000
175000
175000
175000
175000
175000
175000
175000
175000
175000
175000
175000
175000
175000
174000
174000
174000
174000
174000
174000
174000
174000
174000
174000
174000
174000
174000
174000
174000
174000
174000
174000
174000
174000
174000
174000
174000
174000
174000
174000
174000
174000
174000
174000
174000
174000
174000
174000
174000
174000
174000
174000
174000
174000
174000
174000
174000
174000
174000
174000
174000
174000
174000
174000
174000
174000
174000
174000
174000
174000
174000
174000
174000
174000
174000
174000
174000
174000
174000
174000
174000
174000
174000
174000
174000
174000
174000
174000
174000
174000
174000
174000
174000
174000
174000
174000
174000
174000
174000
174000
174000
174000
174000
174000
174000
174000
174000
174000
174000
174000
174000
174000
174000
174000
174000
174000
174000
174000
174000
174000
174000
174000
174000
174000
174000
174000
174000
174000
174000
174000
174000
174000
174000
174000
174000
174000
174000
174000
174000
174000
174000
174000
174000
174000
174000
174000
174000
174000
174000
174000
174000
174000
174000
174000
174000
174000
174000
174000
174000
174000
174000
174000
174000
174000
174000
174000
174000
174000
174000
174000
174000
174000
174000
174000
174000
174000
174000
174000
174000
174000
174000
174000
174000
174000
174000
174000
174000
174000
174000
174000
174000
174000
174000
174000
174000
174000
174000
174000
174000
174000
174000
174000
174000
174000
174000
174000
174000
174000
174000
174000
174000
174000
174000
174000
174000
174000
174000
174000
174000
174000
174000
174000
174000
174000
174000
174000
174000
174000
174000
174000
174000
174000
174000
174000
174000
174000
174000
174000
174000
174000
174000
174000
174000
174000
174000
174000
174000
174000
174000
174000
174000
174000
174000
174000
174000
174000
174000
174000
174000
174000
174000
174000
174000
174000
174000
174000
174000
174000
174000
174000
174000
174000
174000
174000
174000
174000
174000
174000
174000
174000
174000
174000
174000
174000
174000
174000
174000
174000
174000
174000
174000
174000
174000
174000
174000
174000
174000
174000
174000
174000
174000
174000
174000
174000
174000
174000
174000
174000
174000
174000
174000
174000
174000
174000
174000
174000
174000
174000
174000
174000
174000
174000
174000
174000
174000
174000
174000
174000
174000
174000
174000
174000
174000
174000
174000
174000
174000
174000
174000
174000
174000
174000
174000
174000
174000
174000
174000
174000
174000
174000
174000
174000
174000
174000
174000
174000
174000
174000
174000
174000
174000
174000
174000
174000
174000
174000
174000
174000
174000
174000
174000
174000
174000
174000
174000
174000
174000
174000
174000
174000
174000
174000
174000
174000
174000
174000
174000
174000
174000
174000
174000
174000
174000
174000
174000
174000
174000
174000
173000
173000
173000
173000
173000
173000
173000
173000
173000
173000
173000
173000
173000
173000
173000
173000
173000
173000
173000
173000
173000
173000
173000
173000
173000
173000
173000
173000
173000
173000
173000
173000
173000
173000
173000
173000
173000
173000
173000
173000
173000
173000
173000
173000
173000
173000
173000
173000
173000
173000
173000
173000
173000
173000
173000
173000
173000
173000
173000
173000
173000
173000
173000
173000
173000
173000
173000
173000
173000
173000
173000
173000
173000
173000
173000
173000
173000
173000
173000
173000
173000
173000
173000
173000
173000
173000
173000
173000
173000
173000
173000
173000
173000
173000
173000
173000
173000
173000
173000
173000
173000
173000
173000
173000
173000
173000
173000
173000
173000
173000
173000
173000
173000
173000
173000
173000
173000
173000
173000
173000
173000
173000
173000
173000
173000
173000
173000
173000
173000
173000
173000
173000
173000
173000
173000
173000
173000
173000
173000
173000
173000
173000
173000
173000
173000
173000
173000
173000
173000
173000
173000
173000
173000
173000
173000
173000
173000
173000
173000
173000
173000
173000
173000
173000
173000
173000
173000
173000
173000
173000
173000
173000
173000
173000
173000
173000
173000
173000
173000
173000
173000
173000
173000
173000
173000
173000
173000
173000
173000
173000
173000
173000
173000
173000
173000
173000
173000
173000
173000
173000
173000
173000
173000
173000
173000
173000
173000
173000
173000
173000
173000
173000
173000
173000
173000
173000
173000
173000
173000
173000
173000
173000
173000
173000
173000
173000
173000
173000
173000
173000
173000
173000
173000
173000
173000
173000
173000
173000
173000
173000
173000
173000
173000
173000
173000
173000
173000
173000
173000
173000
173000
173000
173000
173000
173000
173000
173000
173000
173000
173000
173000
173000
173000
173000
173000
173000
173000
173000
173000
173000
173000
173000
173000
173000
173000
173000
173000
173000
173000
173000
173000
173000
173000
173000
173000
173000
173000
173000
173000
173000
173000
173000
173000
173000
173000
173000
173000
173000
173000
173000
173000
173000
173000
173000
173000
173000
173000
173000
173000
173000
173000
173000
173000
173000
173000
173000
173000
173000
173000
173000
173000
173000
173000
173000
173000
173000
173000
173000
173000
173000
173000
173000
173000
173000
173000
173000
173000
173000
173000
173000
173000
173000
173000
173000
173000
173000
173000
173000
173000
173000
173000
173000
173000
173000
173000
173000
173000
173000
173000
173000
173000
173000
173000
173000
173000
173000
173000
173000
173000
173000
173000
173000
173000
173000
173000
173000
173000
173000
173000
173000
173000
173000
173000
173000
173000
173000
173000
173000
173000
173000
173000
173000
173000
173000
173000
173000
173000
173000
173000
173000
173000
173000
173000
173000
173000
173000
173000
173000
173000
173000
173000
173000
173000
173000
173000
173000
173000
173000
173000
173000
173000
173000
173000
173000
173000
173000
173000
173000
173000
173000
173000
173000
173000
173000
173000
173000
173000
173000
173000
173000
173000
173000
173000
173000
173000
173000
173000
173000
173000
173000
173000
173000
173000
173000
173000
173000
173000
173000
173000
173000
173000
173000
173000
173000
173000
173000
173000
173000
173000
173000
173000
173000
173000
173000
173000
173000
173000
173000
173000
173000
173000
173000
173000
173000
173000
173000
173000
173000
173000
173000
173000
173000
173000
173000
173000
173000
173000
173000
173000
173000
173000
173000
173000
173000
173000
173000
173000
173000
173000
173000
173000
173000
173000
173000
173000
173000
173000
173000
173000
173000
173000
173000
173000
173000
173000
173000
173000
173000
173000
173000
173000
173000
173000
173000
173000
173000
173000
173000
173000
173000
173000
173000
173000
173000
173000
173000
173000
173000
173000
173000
173000
173000
173000
173000
173000
173000
173000
173000
173000
173000
173000
173000
173000
173000
173000
173000
173000
173000
173000
173000
173000
173000
173000
173000
173000
173000
173000
173000
173000
173000
173000
173000
173000
173000
173000
173000
173000
173000
173000
173000
173000
173000
173000
173000
173000
173000
173000
173000
173000
173000
173000
173000
173000
173000
173000
173000
173000
173000
173000
173000
173000
173000
173000
173000
173000
173000
173000
173000
173000
173000
173000
173000
173000
173000
173000
173000
173000
173000
173000
173000
173000
173000
173000
173000
173000
173000
173000
173000
173000
173000
173000
173000
173000
173000
173000
173000
173000
173000
173000
173000
173000
173000
173000
173000
173000
173000
173000
173000
173000
173000
173000
173000
173000
173000
173000
173000
173000
173000
173000
173000
173000
173000
173000
173000
173000
173000
173000
173000
173000
173000
173000
173000
173000
173000
172000
172000
172000
172000
172000
172000
172000
172000
172000
172000
172000
172000
172000
172000
172000
172000
172000
172000
172000
172000
172000
172000
172000
172000
172000
172000
172000
172000
172000
172000
172000
172000
172000
172000
172000
172000
172000
172000
172000
172000
172000
172000
172000
172000
172000
172000
172000
172000
172000
172000
172000
172000
172000
172000
172000
172000
172000
172000
172000
172000
172000
172000
172000
172000
172000
172000
172000
172000
172000
172000
172000
172000
172000
172000
172000
172000
172000
172000
172000
172000
172000
172000
172000
172000
172000
172000
172000
172000
172000
172000
172000
172000
172000
172000
172000
172000
172000
172000
172000
172000
172000
172000
172000
172000
172000
172000
172000
172000
172000
172000
172000
172000
172000
172000
172000
172000
172000
172000
172000
172000
172000
172000
172000
172000
172000
172000
172000
172000
172000
172000
172000
172000
172000
172000
172000
172000
172000
172000
172000
172000
172000
172000
172000
172000
172000
172000
172000
172000
172000
172000
172000
172000
172000
172000
172000
172000
172000
172000
172000
172000
172000
172000
172000
172000
172000
172000
172000
172000
172000
172000
172000
172000
172000
172000
172000
172000
172000
172000
172000
172000
172000
172000
172000
172000
172000
172000
172000
172000
172000
172000
172000
172000
172000
172000
172000
172000
172000
172000
172000
172000
172000
172000
172000
172000
172000
172000
172000
172000
172000
172000
172000
172000
172000
172000
172000
172000
172000
172000
172000
172000
172000
172000
172000
172000
172000
172000
172000
172000
172000
172000
172000
172000
172000
172000
172000
172000
172000
172000
172000
172000
172000
172000
172000
172000
172000
172000
172000
172000
172000
172000
172000
172000
172000
172000
172000
172000
172000
172000
172000
172000
172000
172000
172000
172000
172000
172000
172000
172000
172000
172000
172000
172000
172000
172000
172000
172000
172000
172000
172000
172000
172000
172000
172000
172000
172000
172000
172000
172000
172000
172000
172000
172000
172000
172000
172000
172000
172000
172000
172000
172000
172000
172000
172000
172000
172000
172000
172000
172000
172000
172000
172000
172000
172000
172000
172000
172000
172000
172000
172000
172000
172000
172000
172000
172000
172000
172000
172000
172000
172000
172000
172000
172000
172000
172000
172000
172000
172000
172000
172000
172000
172000
172000
172000
172000
172000
172000
172000
172000
172000
172000
172000
172000
172000
172000
172000
172000
172000
172000
172000
172000
172000
172000
172000
172000
172000
172000
172000
172000
172000
172000
172000
172000
172000
172000
172000
172000
172000
172000
172000
172000
172000
172000
172000
172000
172000
172000
172000
172000
172000
172000
172000
172000
172000
172000
172000
172000
172000
172000
172000
172000
172000
172000
172000
172000
172000
172000
172000
172000
172000
172000
172000
172000
172000
172000
172000
172000
172000
172000
172000
172000
172000
172000
172000
172000
172000
172000
172000
172000
172000
172000
172000
172000
172000
172000
172000
172000
172000
172000
172000
172000
172000
172000
172000
172000
172000
172000
172000
172000
172000
172000
172000
172000
172000
172000
172000
172000
172000
172000
172000
172000
172000
172000
172000
172000
172000
172000
172000
172000
172000
172000
172000
172000
172000
172000
172000
172000
172000
172000
172000
172000
172000
172000
172000
172000
172000
172000
172000
172000
172000
172000
172000
172000
172000
172000
172000
172000
172000
172000
172000
172000
172000
172000
172000
172000
172000
172000
172000
172000
172000
172000
172000
172000
172000
172000
172000
172000
172000
172000
172000
172000
172000
172000
172000
172000
172000
172000
172000
172000
172000
172000
172000
172000
172000
172000
172000
172000
172000
172000
172000
172000
172000
172000
172000
172000
172000
172000
172000
172000
172000
172000
172000
172000
172000
172000
172000
172000
172000
172000
172000
172000
172000
172000
172000
172000
172000
172000
172000
172000
172000
172000
172000
172000
172000
172000
172000
172000
172000
172000
172000
172000
172000
172000
172000
172000
172000
172000
172000
172000
172000
172000
172000
172000
172000
172000
172000
172000
172000
172000
172000
172000
172000
172000
172000
172000
172000
172000
172000
172000
172000
172000
172000
172000
172000
172000
172000
172000
172000
172000
172000
172000
172000
172000
172000
172000
172000