0
0
-1
-2
-3
-4
-6
-8
-11
-14
-17
-20
-24
-28
-32
-36
-41
-46
-51
-57
-63
-69
-75
-81
-88
-95
-102
-109
-116
-124
-132
-140
-148
-156
-165
-174
-182
-191
-200
-210
-219
-229
-238
-248
-258
-268
-278
-288
-299
-309
-320
-330
-341
-352
-363
-374
-385
-396
-407
-419
-430
-441
-453
-464
-476
-488
-499
-511
-523
-535
-546
-558
-570
-582
-594
-606
-618
-630
-642
-654
-666
-678
-690
-702
-714
-726
-738
-751
-763
-775
-787
-799
-811
-823
-835
-847
-859
-871
-883
-894
-906
-918
-930
-942
-954
-965
-977
-989
-1000
-1012
-1023
-1035
-1046
-1058
-1069
-1080
-1092
-1103
-1114
-1125
-1136
-1147
-1158
-1169
-1180
-1191
-1202
-1213
-1223
-1234
-1245
-1255
-1266
-1276
-1286
-1297
-1307
-1317
-1327
-1337
-1347
-1357
-1367
-1377
-1386
-1396
-1406
-1415
-1425
-1434
-1443
-1453
-1462
-1471
-1480
-1489
-1498
-1507
-1516
-1524
-1533
-1542
-1550
-1559
-1567
-1576
-1584
-1592
-1600
-1608
-1616
-1624
-1632
-1640
-1648
-1655
-1663
-1670
-1678
-1685
-1693
-1700
-1707
-1714
-1721
-1728
-1735
-1742
-1749
-1756
-1762
-1769
-1775
-1782
-1788
-1795
-1801
-1807
-1813
-1819
-1825
-1831
-1837
-1843
-1849
-1855
-1860
-1866
-1871
-1877
-1882
-1888
-1893
-1898
-1903
-1908
-1913
-1918
-1923
-1928
-1933
-1938
-1942
-1947
-1952
-1956
-1961
-1965
-1969
-1974
-1978
-1982
-1986
-1990
-1994
-1998
-2002
-2006
-2010
-2014
-2018
-2021
-2025
-2028
-2032
-2035
-2039
-2042
-2046
-2049
-2052
-2055
-2058
-2062
-2065
-2068
-2071
-2074
-2076
-2079
-2082
-2085
-2087
-2090
-2093
-2095
-2098
-2100
-2103
-2105
-2108
-2110
-2112
-2115
-2117
-2119
-2121
-2123
-2125
-2127
-2129
-2131
-2133
-2135
-2137
-2139
-2141
-2142
-2144
-2146
-2147
-2149
-2151
-2152
-2154
-2155
-2157
-2158
-2160
-2161
-2162
-2164
-2165
-2166
-2167
-2169
-2170
-2171
-2172
-2173
-2174
-2175
-2176
-2177
-2178
-2179
-2180
-2181
-2182
-2183
-2184
-2184
-2185
-2186
-2187
-2187
-2188
-2189
-2190
-2190
-2191
-2191
-2192
-2193
-2193
-2194
-2194
-2195
-2195
-2196
-2196
-2196
-2197
-2197
-2198
-2198
-2198
-2199
-2199
-2199
-2199
-2200
-2200
-2200
-2200
-2201
-2201
-2201
-2201
-2201
-2201
-2201
-2202
-2202
-2202
-2202
-2202
-2202
-2202
-2202
-2202
-2202
-2202
-2202
-2202
-2202
-2202
-2202
-2202
-2202
-2202
-2201
-2201
-2201
-2201
-2201
-2201
-2201
-2200
-2200
-2200
-2200
-2200
-2200
-2199
-2199
-2199
-2199
-2199
-2198
-2198
-2198
-2198
-2197
-2197
-2197
-2197
-2196
-2196
-2196
-2195
-2195
-2195
-2195
-2194
-2194
-2194
-2193
-2193
-2193
-2192
-2192
-2192
-2191
-2191
-2191
-2190
-2190
-2189
-2189
-2189
-2188
-2188
-2188
-2187
-2187
-2186
-2186
-2186
-2185
-2185
-2185
-2184
-2184
-2183
-2183
-2183
-2182
-2182
-2181
-2181
-2181
-2180
-2180
-2179
-2179
-2179
-2178
-2178
-2177
-2177
-2176
-2176
-2176
-2175
-2175
-2174
-2174
-2174
-2173
-2173
-2172
-2172
-2171
-2171
-2171
-2170
-2170
-2169
-2169
-2169
-2168
-2168
-2167
-2167
-2167
-2166
-2166
-2165
-2165
-2164
-2164
-2164
-2163
-2163
-2162
-2162
-2162
-2161
-2161
-2160
-2160
-2160
-2159
-2159
-2158
-2158
-2158
-2157
-2157
-2157
-2156
-2156
-2155
-2155
-2155
-2154
-2154
-2153
-2153
-2153
-2152
-2152
-2152
-2151
-2151
-2150
-2150
-2150
-2149
-2149
-2149
-2148
-2148
-2148
-2147
-2147
-2147
-2146
-2146
-2146
-2145
-2145
-2144
-2144
-2144
-2143
-2143
-2143
-2142
-2142
-2142
-2141
-2141
-2141
-2141
-2140
-2140
-2140
-2139
-2139
-2139
-2138
-2138
-2138
-2137
-2137
-2137
-2136
-2136
-2136
-2136
-2135
-2135
-2135
-2134
-2134
-2134
-2134
-2133
-2133
-2133
-2132
-2132
-2132
-2132
-2131
-2131
-2131
-2131
-2130
-2130
-2130
-2129
-2129
-2129
-2129
-2128
-2128
-2128
-2128
-2127
-2127
-2127
-2127
-2126
-2126
-2126
-2126
-2125
-2125
-2125
-2125
-2124
-2124
-2124
-2124
-2124
-2123
-2123
-2123
-2123
-2122
-2122
-2122
-2122
-2122
-2121
-2121
-2121
-2121
-2120
-2120
-2120
-2120
-2120
-2119
-2119
-2119
-2119
-2119
-2118
-2118
-2118
-2118
-2118
-2117
-2117
-2117
-2117
-2117
-2117
-2116
-2116
-2116
-2116
-2116
-2115
-2115
-2115
-2115
-2115
-2114
-2114
-2114
-2114
-2114
-2114
-2113
-2113
-2113
-2113
-2113
-2113
-2112
-2112
-2112
-2112
-2112
-2112
-2111
-2111
-2111
-2111
-2111
-2111
-2111
-2110
-2110
-2110
-2110
-2110
-2110
-2109
-2109
-2109
-2109
-2109
-2109
-2109
-2108
-2108
-2108
-2108
-2108
-2108
-2108
-2107
-2107
-2107
-2107
-2107
-2107
-2107
-2106
-2106
-2106
-2106
-2106
-2106
-2106
-2105
-2105
-2105
-2105
-2105
-2105
-2105
-2105
-2104
-2104
-2104
-2104
-2104
-2104
-2104
-2104
-2103
-2103
-2103
-2103
-2103
-2103
-2103
-2103
-2102
-2102
-2102
-2102
-2102
-2102
-2102
-2102
-2101
-2101
-2101
-2101
-2101
-2101
-2101
-2101
-2101
-2100
-2100
-2100
-2100
-2100
-2100
-2100
-2100
-2099
-2099
-2099
-2099
-2099
-2099
-2099
-2099
-2099
-2098
-2098
-2098
-2098
-2098
-2098
-2098
-2098
-2098
-2098
-2097
-2097
-2097
-2097
-2097
-2097
-2097
-2097
-2097
-2096
-2096
-2096
-2096
-2096
-2096
-2096
-2096
-2096
-2096
-2095
-2095
-2095
-2095
-2095
-2095
-2095
-2095
-2095
-2094
-2094
-2094
-2094
-2094
-2094
-2094
-2094
-2094
-2094
-2093
-2093
-2093
-2093
-2093
-2093
-2093
-2093
-2093
-2093
-2093
-2092
-2092
-2092
-2092
-2092
-2092
-2092
-2092
-2092
-2092
-2091
-2091
-2091
-2091
-2091
-2091
-2091
-2091
-2091
-2091
-2090
-2090
-2090
-2090
-2090
-2090
-2090
-2090
-2090
-2090
-2090
-2089
-2089
-2089
-2089
-2089
-2089
-2089
-2089
-2089
-2089
-2089
-2088
-2088
-2088
-2088
-2088
-2088
-2088
-2088
-2088
-2088
-2087
-2087
-2087
-2087
-2087
-2087
-2087
-2087
-2087
-2087
-2087
-2086
-2086
-2086
-2086
-2086
-2086
-2086
-2086
-2086
-2086
-2086
-2085
-2085
-2085
-2085
-2085
-2085
-2085
-2085
-2085
-2085
-2085
-2085
-2084
-2084
-2084
-2084
-2084
-2084
-2084
-2084
-2084
-2084
-2084
-2083
-2083
-2083
-2083
-2083
-2083
-2083
-2083
-2083
-2083
-2083
-2082
-2082
-2082
-2082
-2082
-2082
-2082
-2082
-2082
-2082
-2082
-2082
-2081
-2081
-2081
-2081
-2081
-2081
-2081
-2081
-2081
-2081
-2081
-2080
-2080
-2080
-2080
-2080
-2080
-2080
-2080
-2080
-2080
-2080
-2080
-2079
-2079
-2079
-2079
-2079
-2079
-2079
-2079
-2079
-2079
-2079
-2079
-2078
-2078
-2078
-2078
-2078
-2078
-2078
-2078
-2078
-2078
-2078
-2078
-2077
-2077
-2077
-2077
-2077
-2077
-2077
-2077
-2077
-2077
-2077
-2077
-2076
-2076
-2076
-2076
-2076
-2076
-2076
-2076
-2076
-2076
-2076
-2076
-2075
-2075
-2075
-2075
-2075
-2075
-2075
-2075
-2075
-2075
-2075
-2075
-2074
-2074
-2074
-2074
-2074
-2074
-2074
-2074
-2074
-2074
-2074
-2074
-2074
-2073
-2073
-2073
-2073
-2073
-2073
-2073
-2073
-2073
-2073
-2073
-2073
-2072
-2072
-2072
-2072
-2072
-2072
-2072
-2072
-2072
-2072
-2072
-2072
-2072
-2071
-2071
-2071
-2071
-2071
-2071
-2071
-2071
-2071
-2071
-2071
-2071
-2071
-2070
-2070
-2070
-2070
-2070
-2070
-2070
-2070
-2070
-2070
-2070
-2070
-2070
-2069
-2069
-2069
-2069
-2069
-2069
-2069
-2069
-2069
-2069
-2069
-2069
-2069
-2068
-2068
-2068
-2068
-2068
-2068
-2068
-2068
-2068
-2068
-2068
-2068
-2068
-2068
-2067
-2067
-2067
-2067
-2067
-2067
-2067
-2067
-2067
-2067
-2067
-2067
-2067
-2066
-2066
-2066
-2066
-2066
-2066
-2066
-2066
-2066
-2066
-2066
-2066
-2066
-2066
-2065
-2065
-2065
-2065
-2065
-2065
-2065
-2065
-2065
-2065
-2065
-2065
-2065
-2065
-2064
-2064
-2064
-2064
-2064
-2064
-2064
-2064
-2064
-2064
-2064
-2064
-2064
-2064
-2063
-2063
-2063
-2063
-2063
-2063
-2063
-2063
-2063
-2063
-2063
-2063
-2063
-2063
-2062
-2062
-2062
-2062
-2062
-2062
-2062
-2062
-2062
-2062
-2062
-2062
-2062
-2062
-2062
-2061
-2061
-2061
-2061
-2061
-2061
-2061
-2061
-2061
-2061
-2061
-2061
-2061
-2061
-2061
-2060
-2060
-2060
-2060
-2060
-2060
-2060
-2060
-2060
-2060
-2060
-2060
-2060
-2060
-2060
-2059
-2059
-2059
-2059
-2059
-2059
-2059
-2059
-2059
-2059
-2059
-2059
-2059
-2059
-2059
-2058
-2058
-2058
-2058
-2058
-2058
-2058
-2058
-2058
-2058
-2058
-2058
-2058
-2058
-2058
-2058
-2057
-2057
-2057
-2057
-2057
-2057
-2057
-2057
-2057
-2057
-2057
-2057
-2057
-2057
-2057
-2057
-2056
-2056
-2056
-2056
-2056
-2056
-2056
-2056
-2056
-2056
-2056
-2056
-2056
-2056
-2056
-2056
-2055
-2055
-2055
-2055
-2055
-2055
-2055
-2055
-2055
-2055
-2055
-2055
-2055
-2055
-2055
-2055
-2054
-2054
-2054
-2054
-2054
-2054
-2054
-2054
-2054
-2054
-2054
-2054
-2054
-2054
-2054
-2054
-2054
-2053
-2053
-2053
-2053
-2053
-2053
-2053
-2053
-2053
-2053
-2053
-2053
-2053
-2053
-2053
-2053
-2053
-2052
-2052
-2052
-2052
-2052
-2052
-2052
-2052
-2052
-2052
-2052
-2052
-2052
-2052
-2052
-2052
-2052
-2052
-2051
-2051
-2051
-2051
-2051
-2051
-2051
-2051
-2051
-2051
-2051
-2051
-2051
-2051
-2051
-2051
-2051
-2051
-2050
-2050
-2050
-2050
-2050
-2050
-2050
-2050
-2050
-2050
-2050
-2050
-2050
-2050
-2050
-2050
-2050
-2050
-2049
-2049
-2049
-2049
-2049
-2049
-2049
-2049
-2049
-2049
-2049
-2049
-2049
-2049
-2049
-2049
-2049
-2049
-2048
-2048
-2048
-2048
-2048
-2048
-2048
-2048
-2048
-2048
-2048
-2048
-2048
-2048
-2048
-2048
-2048
-2048
-2048
-2047
-2047
-2047
-2047
-2047
-2047
-2047
-2047
-2047
-2047
-2047
-2047
-2047
-2047
-2047
-2047
-2047
-2047
-2047
-2046
-2046
-2046
-2046
-2046
-2046
-2046
-2046
-2046
-2046
-2046
-2046
-2046
-2046
-2046
-2046
-2046
-2046
-2046
-2046
-2045
-2045
-2045
-2045
-2045
-2045
-2045
-2045
-2045
-2045
-2045
-2045
-2045
-2045
-2045
-2045
-2045
-2045
-2045
-2045
-2044
-2044
-2044
-2044
-2044
-2044
-2044
-2044
-2044
-2044
-2044
-2044
-2044
-2044
-2044
-2044
-2044
-2044
-2044
-2044
-2044
-2043
-2043
-2043
-2043
-2043
-2043
-2043
-2043
-2043
-2043
-2043
-2043
-2043
-2043
-2043
-2043
-2043
-2043
-2043
-2043
-2043
-2042
-2042
-2042
-2042
-2042
-2042
-2042
-2042
-2042
-2042
-2042
-2042
-2042
-2042
-2042
-2042
-2042
-2042
-2042
-2042
-2042
-2041
-2041
-2041
-2041
-2041
-2041
-2041
-2041
-2041
-2041
-2041
-2041
-2041
-2041
-2041
-2041
-2041
-2041
-2041
-2041
-2041
-2041
-2041
-2040
-2040
-2040
-2040
-2040
-2040
-2040
-2040
-2040
-2040
-2040
-2040
-2040
-2040
-2040
-2040
-2040
-2040
-2040
-2040
-2040
-2040
-2039
-2039
-2039
-2039
-2039
-2039
-2039
-2039
-2039
-2039
-2039
-2039
-2039
-2039
-2039
-2039
-2039
-2039
-2039
-2039
-2039
-2039
-2039
-2039
-2038
-2038
-2038
-2038
-2038
-2038
-2038
-2038
-2038
-2038
-2038
-2038
-2038
-2038
-2038
-2038
-2038
-2038
-2038
-2038
-2038
-2038
-2038
-2037
-2037
-2037
-2037
-2037
-2037
-2037
-2037
-2037
-2037
-2037
-2037
-2037
-2037
-2037
-2037
-2037
-2037
-2037
-2037
-2037
-2037
-2037
-2037
-2037
-2036
-2036
-2036
-2036
-2036
-2036
-2036
-2036
-2036
-2036
-2036
-2036
-2036
-2036
-2036
-2036
-2036
-2036
-2036
-2036
-2036
-2036
-2036
-2036
-2036
-2035
-2035
-2035
-2035
-2035
-2035
-2035
-2035
-2035
-2035
-2035
-2035
-2035
-2035
-2035
-2035
-2035
-2035
-2035
-2035
-2035
-2035
-2035
-2035
-2035
-2035
-2034
-2034
-2034
-2034
-2034
-2034
-2034
-2034
-2034
-2034
-2034
-2034
-2034
-2034
-2034
-2034
-2034
-2034
-2034
-2034
-2034
-2034
-2034
-2034
-2034
-2034
-2034
-2033
-2033
-2033
-2033
-2033
-2033
-2033
-2033
-2033
-2033
-2033
-2033
-2033
-2033
-2033
-2033
-2033
-2033
-2033
-2033
-2033
-2033
-2033
-2033
-2033
-2033
-2033
-2032
-2032
-2032
-2032
-2032
-2032
-2032
-2032
-2032
-2032
-2032
-2032
-2032
-2032
-2032
-2032
-2032
-2032
-2032
-2032
-2032
-2032
-2032
-2032
-2032
-2032
-2032
-2032
-2032
-2031
-2031
-2031
-2031
-2031
-2031
-2031
-2031
-2031
-2031
-2031
-2031
-2031
-2031
-2031
-2031
-2031
-2031
-2031
-2031
-2031
-2031
-2031
-2031
-2031
-2031
-2031
-2031
-2031
-2030
-2030
-2030
-2030
-2030
-2030
-2030
-2030
-2030
-2030
-2030
-2030
-2030
-2030
-2030
-2030
-2030
-2030
-2030
-2030
-2030
-2030
-2030
-2030
-2030
-2030
-2030
-2030
-2030
-2030
-2029
-2029
-2029
-2029
-2029
-2029
-2029
-2029
-2029
-2029
-2029
-2029
-2029
-2029
-2029
-2029
-2029
-2029
-2029
-2029
-2029
-2029
-2029
-2029
-2029
-2029
-2029
-2029
-2029
-2029
-2029
-2028
-2028
-2028
-2028
-2028
-2028
-2028
-2028
-2028
-2028
-2028
-2028
-2028
-2028
-2028
-2028
-2028
-2028
-2028
-2028
-2028
-2028
-2028
-2028
-2028
-2028
-2028
-2028
-2028
-2028
-2028
-2028
-2028
-2027
-2027
-2027
-2027
-2027
-2027
-2027
-2027
-2027
-2027
-2027
-2027
-2027
-2027
-2027
-2027
-2027
-2027
-2027
-2027
-2027
-2027
-2027
-2027
-2027
-2027
-2027
-2027
-2027
-2027
-2027
-2027
-2027
-2026
-2026
-2026
-2026
-2026
-2026
-2026
-2026
-2026
-2026
-2026
-2026
-2026
-2026
-2026
-2026
-2026
-2026
-2026
-2026
-2026
-2026
-2026
-2026
-2026
-2026
-2026
-2026
-2026
-2026
-2026
-2026
-2026
-2026
-2026
-2025
-2025
-2025
-2025
-2025
-2025
-2025
-2025
-2025
-2025
-2025
-2025
-2025
-2025
-2025
-2025
-2025
-2025
-2025
-2025
-2025
-2025
-2025
-2025
-2025
-2025
-2025
-2025
-2025
-2025
-2025
-2025
-2025
-2025
-2025
-2025
-2025
-2024
-2024
-2024
-2024
-2024
-2024
-2024
-2024
-2024
-2024
-2024
-2024
-2024
-2024
-2024
-2024
-2024
-2024
-2024
-2024
-2024
-2024
-2024
-2024
-2024
-2024
-2024
-2024
-2024
-2024
-2024
-2024
-2024
-2024
-2024
-2024
-2024
-2023
-2023
-2023
-2023
-2023
-2023
-2023
-2023
-2023
-2023
-2023
-2023
-2023
-2023
-2023
-2023
-2023
-2023
-2023
-2023
-2023
-2023
-2023
-2023
-2023
-2023
-2023
-2023
-2023
-2023
-2023
-2023
-2023
-2023
-2023
-2023
-2023
-2023
-2023
-2023
-2022
-2022
-2022
-2022
-2022
-2022
-2022
-2022
-2022
-2022
-2022
-2022
-2022
-2022
-2022
-2022
-2022
-2022
-2022
-2022
-2022
-2022
-2022
-2022
-2022
-2022
-2022
-2022
-2022
-2022
-2022
-2022
-2022
-2022
-2022
-2022
-2022
-2022
-2022
-2022
-2022
-2021
-2021
-2021
-2021
-2021
-2021
-2021
-2021
-2021
-2021
-2021
-2021
-2021
-2021
-2021
-2021
-2021
-2021
-2021
-2021
-2021
-2021
-2021
-2021
-2021
-2021
-2021
-2021
-2021
-2021
-2021
-2021
-2021
-2021
-2021
-2021
-2021
-2021
-2021
-2021
-2021
-2021
-2021
-2020
-2020
-2020
-2020
-2020
-2020
-2020
-2020
-2020
-2020
-2020
-2020
-2020
-2020
-2020
-2020
-2020
-2020
-2020
-2020
-2020
-2020
-2020
-2020
-2020
-2020
-2020
-2020
-2020
-2020
-2020
-2020
-2020
-2020
-2020
-2020
-2020
-2020
-2020
-2020
-2020
-2020
-2020
-2020
-2020
-2020
-2019
-2019
-2019
-2019
-2019
-2019
-2019
-2019
-2019
-2019
-2019
-2019
-2019
-2019
-2019
-2019
-2019
-2019
-2019
-2019
-2019
-2019
-2019
-2019
-2019
-2019
-2019
-2019
-2019
-2019
-2019
-2019
-2019
-2019
-2019
-2019
-2019
-2019
-2019
-2019
-2019
-2019
-2019
-2019
-2019
-2019
-2019
-2018
-2018
-2018
-2018
-2018
-2018
-2018
-2018
-2018
-2018
-2018
-2018
-2018
-2018
-2018
-2018
-2018
-2018
-2018
-2018
-2018
-2018
-2018
-2018
-2018
-2018
-2018
-2018
-2018
-2018
-2018
-2018
-2018
-2018
-2018
-2018
-2018
-2018
-2018
-2018
-2018
-2018
-2018
-2018
-2018
-2018
-2018
-2018
-2018
-2018
-2018
-2017
-2017
-2017
-2017
-2017
-2017
-2017
-2017
-2017
-2017
-2017
-2017
-2017
-2017
-2017
-2017
-2017
-2017
-2017
-2017
-2017
-2017
-2017
-2017
-2017
-2017
-2017
-2017
-2017
-2017
-2017
-2017
-2017
-2017
-2017
-2017
-2017
-2017
-2017
-2017
-2017
-2017
-2017
-2017
-2017
-2017
-2017
-2017
-2017
-2017
-2017
-2017
-2017
-2016
-2016
-2016
-2016
-2016
-2016
-2016
-2016
-2016
-2016
-2016
-2016
-2016
-2016
-2016
-2016
-2016
-2016
-2016
-2016
-2016
-2016
-2016
-2016
-2016
-2016
-2016
-2016
-2016
-2016
-2016
-2016
-2016
-2016
-2016
-2016
-2016
-2016
-2016
-2016
-2016
-2016
-2016
-2016
-2016
-2016
-2016
-2016
-2016
-2016
-2016
-2016
-2016
-2016
-2016
-2016
-2016
-2015
-2015
-2015
-2015
-2015
-2015
-2015
-2015
-2015
-2015
-2015
-2015
-2015
-2015
-2015
-2015
-2015
-2015
-2015
-2015
-2015
-2015
-2015
-2015
-2015
-2015
-2015
-2015
-2015
-2015
-2015
-2015
-2015
-2015
-2015
-2015
-2015
-2015
-2015
-2015
-2015
-2015
-2015
-2015
-2015
-2015
-2015
-2015
-2015
-2015
-2015
-2015
-2015
-2015
-2015
-2015
-2015
-2015
-2015
-2015
-2014
-2014
-2014
-2014
-2014
-2014
-2014
-2014
-2014
-2014
-2014
-2014
-2014
-2014
-2014
-2014
-2014
-2014
-2014
-2014
-2014
-2014
-2014
-2014
-2014
-2014
-2014
-2014
-2014
-2014
-2014
-2014
-2014
-2014
-2014
-2014
-2014
-2014
-2014
-2014
-2014
-2014
-2014
-2014
-2014
-2014
-2014
-2014
-2014
-2014
-2014
-2014
-2014
-2014
-2014
-2014
-2014
-2014
-2014
-2014
-2014
-2014
-2014
-2014
-2014
-2013
-2013
-2013
-2013
-2013
-2013
-2013
-2013
-2013
-2013
-2013
-2013
-2013
-2013
-2013
-2013
-2013
-2013
-2013
-2013
-2013
-2013
-2013
-2013
-2013
-2013
-2013
-2013
-2013
-2013
-2013
-2013
-2013
-2013
-2013
-2013
-2013
-2013
-2013
-2013
-2013
-2013
-2013
-2013
-2013
-2013
-2013
-2013
-2013
-2013
-2013
-2013
-2013
-2013
-2013
-2013
-2013
-2013
-2013
-2013
-2013
-2013
-2013
-2013
-2013
-2013
-2013
-2013
-2013
-2013
-2012
-2012
-2012
-2012
-2012
-2012
-2012
-2012
-2012
-2012
-2012
-2012
-2012
-2012
-2012
-2012
-2012
-2012
-2012
-2012
-2012
-2012
-2012
-2012
-2012
-2012
-2012
-2012
-2012
-2012
-2012
-2012
-2012
-2012
-2012
-2012
-2012
-2012
-2012
-2012
-2012
-2012
-2012
-2012
-2012
-2012
-2012
-2012
-2012
-2012
-2012
-2012
-2012
-2012
-2012
-2012
-2012
-2012
-2012
-2012
-2012
-2012
-2012
-2012
-2012
-2012
-2012
-2012
-2012
-2012
-2012
-2012
-2012
-2012
-2012
-2011
-2011
-2011
-2011
-2011
-2011
-2011
-2011
-2011
-2011
-2011
-2011
-2011
-2011
-2011
-2011
-2011
-2011
-2011
-2011
-2011
-2011
-2011
-2011
-2011
-2011
-2011
-2011
-2011
-2011
-2011
-2011
-2011
-2011
-2011
-2011
-2011
-2011
-2011
-2011
-2011
-2011
-2011
-2011
-2011
-2011
-2011
-2011
-2011
-2011
-2011
-2011
-2011
-2011
-2011
-2011
-2011
-2011
-2011
-2011
-2011
-2011
-2011
-2011
-2011
-2011
-2011
-2011
-2011
-2011
-2011
-2011
-2011
-2011
-2011
-2011
-2011
-2011
-2011
-2011
-2011
-2011
-2011
-2010
-2010
-2010
-2010
-2010
-2010
-2010
-2010
-2010
-2010
-2010
-2010
-2010
-2010
-2010
-2010
-2010
-2010
-2010
-2010
-2010
-2010
-2010
-2010
-2010
-2010
-2010
-2010
-2010
-2010
-2010
-2010
-2010
-2010
-2010
-2010
-2010
-2010
-2010
-2010
-2010
-2010
-2010
-2010
-2010
-2010
-2010
-2010
-2010
-2010
-2010
-2010
-2010
-2010
-2010
-2010
-2010
-2010
-2010
-2010
-2010
-2010
-2010
-2010
-2010
-2010
-2010
-2010
-2010
-2010
-2010
-2010
-2010
-2010
-2010
-2010
-2010
-2010
-2010
-2010
-2010
-2010
-2010
-2010
-2010
-2010
-2010
-2010
-2010
-2010
-2010
-2009
-2009
-2009
-2009
-2009
-2009
-2009
-2009
-2009
-2009
-2009
-2009
-2009
-2009
-2009
-2009
-2009
-2009
-2009
-2009
-2009
-2009
-2009
-2009
-2009
-2009
-2009
-2009
-2009
-2009
-2009
-2009
-2009
-2009
-2009
-2009
-2009
-2009
-2009
-2009
-2009
-2009
-2009
-2009
-2009
-2009
-2009
-2009
-2009
-2009
-2009
-2009
-2009
-2009
-2009
-2009
-2009
-2009
-2009
-2009
-2009
-2009
-2009
-2009
-2009
-2009
-2009
-2009
-2009
-2009
-2009
-2009
-2009
-2009
-2009
-2009
-2009
-2009
-2009
-2009
-2009
-2009
-2009
-2009
-2009
-2009
-2009
-2009
-2009
-2009
-2009